1 17.7
1 24.6
1 23.8
1 23.5
1 24.6
1 29.5
1 21.5
1 14.2
1 13.9
1 11.5
1 22
1 24.3
1 11.8
1 13.4
1 11.6
1 10.7
1 17.6
1 12.2
1 29.2
1 22.7
1 23.4
1 10.7
1 24.2
1 20.9
1 20
1 28.2
1 15.5
1 23.2
1 17.2
1 16.8
1 27.5
1 13.1
1 22.1
1 23
1 22.2
1 20.2
1 20.1
1 21.1
1 16.3
1 17.6
1 20.5
1 28.5
1 12.4
1 21.7
1 14.4
1 29.8
1 18.2
1 29.6
1 15.9
1 15.6
1 14.8
1 14.6
1 27
1 19.2
1 26.4
1 29.7
1 12.6
1 28.1
1 26.8
2 16.4
2 26.2
2 21.9
2 16.4
2 25.9
2 24.9
2 18.8
2 17.1
2 21.7
2 17.7
2 18.9
2 29.2
2 14.5
2 19.4
2 29.4
2 19.9
2 27.2
2 14.3
2 18.2
2 10.6
2 27
2 28.2
2 20
2 20.3
2 27.6
2 10
2 22.9
2 22.2
2 16.5
2 19.1
2 22.7
2 25.1
2 19.4
2 28.6
2 15.2
2 22.8
2 24.8
2 27.3
2 29.9
2 16.9
2 20
2 24.5
2 22.5
2 27.9
2 28
2 28.4
2 23.5
2 14.8
2 25.6
2 14.4
2 21.8
2 20.2
2 23.9
2 20.1
2 18.8
2 19.7
2 22.7
2 21.9
2 26.5
3 25.4
3 21.3
3 20.7
3 11.4
3 14.9
3 20.2
3 24.7
3 23.3
3 14.9
3 11
3 24.9
3 22.6
3 18.7
3 20.4
3 27.8
3 10.7
3 16.3
3 21.8
3 25.9
3 17.7
3 27.6
3 18.9
3 14.6
3 20.4
3 26.8
3 16.2
3 13.1
3 16.3
3 26.3
3 21.5
3 18.3
3 18.9
3 18.3
3 22.3
3 15.5
3 19.5
3 16.4
3 17
3 20.5
3 12.6
3 26.6
3 14.4
3 20.6
3 21.8
3 25.9
3 29.8
3 29.2
3 17.5
3 10.3
3 10.4
3 29.6
3 11.2
3 25.5
3 18.1
3 27.5
3 28.3
3 19.2
3 11.5
3 11.1
4 22.7
4 12
4 15.4
4 16.6
4 21.5
4 22.8
4 12.6
4 20.8
4 10.8
4 22.2
4 21.3
4 20.2
4 14.9
4 23.5
4 11.6
4 21
4 11.8
4 27.2
4 29.3
4 25.9
4 26.8
4 14.8
4 29.6
4 25.6
4 29.5
4 10.5
4 25.6
4 18.8
4 16.8
4 21.4
4 16.9
4 13.2
4 12.4
4 11.4
4 14.8
4 16.8
4 28.9
4 19.7
4 11.5
4 15.4
4 23.2
4 14.6
4 21.6
4 18.4
4 11.2
4 19.2
4 23
4 10.8
4 11.4
4 26.6
4 10.2
4 26.9
4 18.9
4 18.1
4 11.5
4 22.5
4 18.9
4 27.1
4 11.5
5 26.3
5 21.4
5 16.8
5 23.4
5 16.6
5 27.6
5 28
5 25.2
5 21.2
5 26.9
5 19.6
5 18
5 18
5 22.6
5 29
5 28.4
5 16.6
5 25.4
5 29.6
5 20.8
5 26.2
5 23.4
5 12.6
5 28.2
5 10.4
5 11
5 21.8
5 13.2
5 19.6
5 15.5
5 15.5
5 26.6
5 17.4
5 22.3
5 17.6
5 28.6
5 16.4
5 20.3
5 11.6
5 16.6
5 17.5
5 25.1
5 12.6
5 17.4
5 21.8
5 19.4
5 25.9
5 27.1
5 20.2
5 13.5
5 22.4
5 21.1
5 10.3
5 28.8
5 17.9
5 26.6
5 14.4
5 10.8
5 22.8
6 10.1
6 13
6 15.1
6 27.2
6 29.1
6 15.5
6 27.2
6 13.2
6 12.6
6 15.1
6 16.2
6 10.7
6 13.9
6 10.3
6 17.1
6 26.6
6 29.3
6 10.5
6 14.3
6 28.8
6 24.8
6 11.2
6 17.1
6 27.6
6 22.6
6 19.1
6 26.7
6 22
6 16.5
6 27.1
6 22.8
6 11.3
6 23.4
6 14.1
6 13.2
6 10.3
6 27.1
6 24.1
6 22.4
6 16.2
6 29.1
6 29.8
6 15.5
6 29.7
6 28.8
6 27.9
6 13.6
6 12.2
6 26.2
6 27.5
6 18.2
6 23.2
6 14.4
6 23.9
6 15.3
6 14.8
6 29.4
6 19.5
6 20.9
7 14.2
7 19.1
7 18.7
7 23.2
7 24.3
7 28.7
7 14.5
7 12.9
7 14.9
7 14.8
7 29.2
7 21.2
7 21
7 21
7 23
7 18.2
7 15.2
7 17.9
7 14.9
7 28.7
7 18.4
7 25.7
7 28.3
7 14.1
7 26.6
7 16.1
7 29.3
7 18.9
7 10.6
7 23.5
7 25.6
7 19.7
7 24.8
7 26.2
7 15.3
7 17.8
7 26
7 22.9
7 24.7
7 10
7 17.8
7 28.4
7 19.9
7 18.2
7 21.6
7 29.8
7 15.7
7 21.3
7 21
7 20.1
7 13.1
7 10.8
7 18.7
7 14.5
7 27.9
7 18.2
7 20.9
7 25.9
7 27.5
8 11.4
8 24.2
8 22.5
8 11
8 12.5
8 15.4
8 24
8 13.7
8 18
8 22.7
8 21.9
8 10.7
8 14.8
8 13.6
8 21.2
8 25.1
8 10.3
8 19.8
8 13.9
8 20.8
8 27.6
8 18
8 27
8 11.8
8 15.8
8 18.3
8 24.7
8 29.3
8 14.2
8 21.1
8 21.7
8 14.2
8 13.2
8 28.1
8 14.3
8 18.2
8 25.7
8 29
8 28.1
8 17.6
8 25.3
8 10.1
8 29.9
8 23.2
8 18.5
8 16
8 26.4
8 29.6
8 28.9
8 29.2
8 12
8 15.2
8 29.4
8 22.6
8 16.1
8 25.7
8 26.6
8 13
8 20.4
9 10.2
9 13.1
9 29.6
9 27.2
9 24.3
9 12.9
9 28
9 16.5
9 14
9 19.9
9 10.4
9 29.3
9 14.2
9 13.7
9 16.3
9 28.2
9 23.4
9 26.9
9 15.4
9 16.1
9 15
9 23
9 19.1
9 15.9
9 29
9 11.3
9 28.9
9 15.6
9 11
9 19.4
9 23.8
9 11.8
9 26.2
9 22.6
9 15.8
9 12.8
9 21.7
9 22.4
9 13.3
9 12.2
9 28.2
9 29.7
9 18.2
9 20.5
9 29.2
9 10
9 26.4
9 20.2
9 24.7
9 18.9
9 12.8
9 27.4
9 26.6
9 15.8
9 18.7
9 11.7
9 16.4
9 26.7
9 17.6
10 17.5
10 15
10 15.9
10 27.4
10 17.3
10 26.9
10 15.9
10 23.5
10 29.5
10 28.3
10 23
10 12.3
10 25.2
10 23.4
10 21.7
10 15.7
10 13
10 27.9
10 29.5
10 24.1
10 28.3
10 20.8
10 22.3
10 19.7
10 14.5
10 19.2
10 21.6
10 16.4
10 18.7
10 12.5
10 27.3
10 23.8
10 12.4
10 13.7
10 16.4
10 11.3
10 20
10 29
10 23.9
10 10.4
10 27.3
10 10.2
10 22.3
10 14
10 19.7
10 12.7
10 26.8
10 28.3
10 18.6
10 22.9
10 27.7
10 15.3
10 26.4
10 28.3
10 24.7
10 26.7
10 12.4
10 27.1
10 25.8
11 24.9
11 13.2
11 25.5
11 24
11 19.2
11 20.7
11 17.7
11 14.6
11 24.2
11 16.9
11 17.8
11 11.7
11 29
11 27.2
11 25
11 15.7
11 28.3
11 22.5
11 10.7
11 12.6
11 29.2
11 28.8
11 18.3
11 23.4
11 20.2
11 22.9
11 23.3
11 29.8
11 28.7
11 15.1
11 11.5
11 28.7
11 23.6
11 23.5
11 25.4
11 25.4
11 26.8
11 21.3
11 25.6
11 26.1
11 29.4
11 20.4
11 12.9
11 27.2
11 28.8
11 29
11 26.5
11 24.4
11 18.2
11 11.7
11 22.9
11 25.4
11 19.4
11 13.6
11 19
11 26.1
11 14.7
11 10.7
11 10.7
12 19.5
12 26
12 28.1
12 21.6
12 29.2
12 19.9
12 10.1
12 23.9
12 12.9
12 24.9
12 16.1
12 26.8
12 15
12 18.4
12 21.8
12 29.7
12 14.1
12 12.4
12 29
12 29.8
12 26.1
12 25.9
12 21
12 15.4
12 22.8
12 16.6
12 26.7
12 23.1
12 29.4
12 16
12 22.3
12 16.1
12 21.5
12 27.2
12 21
12 21.9
12 10.9
12 29.9
12 19.8
12 13.7
12 10
12 23.7
12 27.2
12 12.3
12 20.1
12 28.4
12 14.6
12 27.2
12 13.9
12 28.3
12 12.4
12 11.7
12 24.1
12 16.4
12 25.2
12 25.7
12 26.7
12 16.9
12 23.3
13 13.4
13 24.9
13 13.7
13 23.3
13 27.4
13 17.3
13 11
13 24.4
13 10.1
13 14.7
13 10.3
13 25.9
13 12.4
13 28
13 28.4
13 24.5
13 22.9
13 14.9
13 18
13 24.9
13 14.4
13 11.5
13 24.3
13 20.3
13 24.4
13 20
13 29.4
13 17.6
13 12.5
13 11.4
13 25
13 20.4
13 12.2
13 16.9
13 20.3
13 10.4
13 11
13 28.1
13 24
13 14.2
13 12.5
13 22.3
13 12.5
13 14
13 23.9
13 23.7
13 26.1
13 26.1
13 15.9
13 12.5
13 14.8
13 12.7
13 22.7
13 16.6
13 19.3
13 26.6
13 23.4
13 25.6
13 11.8
14 21.7
14 10.3
14 25
14 12.5
14 18.8
14 23.8
14 23.9
14 26.7
14 27.3
14 23.9
14 15.6
14 26
14 23.6
14 24.7
14 15.6
14 16.5
14 25.9
14 14.1
14 21
14 25.2
14 26.5
14 13.3
14 19
14 21.9
14 10.5
14 10.2
14 27.9
14 29.6
14 23.2
14 14.1
14 28.7
14 10.2
14 20.7
14 21.8
14 27.6
14 17
14 20.8
14 16.1
14 27.9
14 11
14 12.7
14 15.8
14 15.2
14 11.8
14 19.9
14 17.4
14 15.6
14 11.8
14 27
14 20.4
14 29.7
14 17.8
14 28.1
14 27.2
14 24.6
14 28
14 19.2
14 25
14 15.2
15 22.6
15 14.2
15 14.5
15 19.3
15 10.5
15 17.4
15 13.7
15 17.3
15 28.1
15 24
15 18.9
15 14
15 27.3
15 20.9
15 13.8
15 11.3
15 19.3
15 24.4
15 21.6
15 23.6
15 22.9
15 18.2
15 14.7
15 20.8
15 12.4
15 26.6
15 10.4
15 26.5
15 28.3
15 20
15 26
15 27.3
15 28.8
15 25.8
15 20.6
15 20.2
15 11.7
15 23.1
15 10.3
15 17.9
15 15.3
15 17.2
15 28.2
15 20.7
15 16
15 22.4
15 25.8
15 22.3
15 24.9
15 20.3
15 22.3
15 24.4
15 15.7
15 26.7
15 21.2
15 14.9
15 15
15 16.4
15 19
16 21.5
16 18.9
16 10.3
16 19
16 24.7
16 26.3
16 29.1
16 24.5
16 26.3
16 17.3
16 27.7
16 24.4
16 24
16 20.1
16 23.3
16 25.4
16 19.9
16 28.8
16 25.7
16 26
16 28.2
16 10.6
16 26.9
16 12.7
16 28.3
16 14.2
16 20.2
16 14.2
16 21
16 21
16 22.6
16 12.6
16 22.3
16 13.1
16 10.7
16 24.1
16 17
16 20.7
16 24.6
16 27.6
16 28.5
16 19.9
16 26.2
16 19.8
16 18.3
16 26.6
16 12.3
16 11.2
16 20.9
16 10.7
16 23.7
16 28.7
16 25.6
16 28.4
16 27.2
16 28.4
16 14.4
16 21
16 20.2
17 24.1
17 20.9
17 19.7
17 20.5
17 21.9
17 14.1
17 24.2
17 29.1
17 16.9
17 20.1
17 13.5
17 14.4
17 15.1
17 14.5
17 12.5
17 18.3
17 13.9
17 25.1
17 14
17 23.4
17 25.9
17 25
17 27.2
17 16.3
17 27.1
17 13.4
17 20.5
17 25.4
17 28.8
17 21.7
17 18.6
17 15
17 26.6
17 20
17 11.4
17 20.3
17 13.2
17 16.1
17 11.4
17 21.1
17 24.1
17 18.9
17 16.5
17 24
17 13.4
17 12.3
17 10.3
17 13.9
17 29.7
17 12.9
17 16.2
17 12.4
17 25.5
17 10.2
17 23.5
17 22.1
17 22.7
17 21.9
17 13.3
