3553 4195 4418 3435 2910 3040 4222 4632 5421 4640 
2917 3519 4838 3344 2783 3440 4659 4293 3708 4041 
2442 2890 2602 2799 3505 4090 3015 3778 4376 3784 
4151 3187 2278 2100 2016 2757 2791 4172 3842 3420 
3543 4061 3934 2346 2397 3044 2653 3447 2807 2596 
3645 3459 2080 3556 3720 3627 4402 4779 4757 3135 
2202 1948 2788 3674 2607 3817 4076 4656 5250 4280 
2241 2917 3273 2785 2663 3155 3330 4685 4220 3924 
3789 3433 2118 2314 2025 3046 4425 3958 2608 4143 
1856 2486 2970 4110 2902 3866 4562 2994 2276 4008 
