2327 2718 2482 2284 1721 2057 2149 1813 1669 1685 
2101 2027 1987 1953 1887 1777 2255 2118 1567 1616 
1958 1871 1859 2170 1401 1700 1971 1771 1882 1681 
1708 1717 1343 1671 1361 1548 1809 2428 1920 2230 
2096 1820 1736 1935 1493 1194 1857 2055 1725 2233 
1974 1508 2258 2058 2003 1767 2515 1855 1240 1746 
2222 1801 1795 1726 1758 2110 2363 2001 1929 1936 
1306 1240 1861 2148 2224 2777 2296 1870 1688 1750 
1337 1487 1360 1935 1851 2318 2033 2290 2480 2599 
1122 1341 1722 1837 2056 1873 1968 2439 2303 2040 
